image: robohouse.pgm
resolution: 0.050000
origin: [-2.762161, -2.340974, 0.000000]
negate: 0
occupied_thresh: 0.65
free_thresh: 0.196

